$ANSIBLE_VAULT;1.1;AES256
34643463323636356235323438356337303764383764636332393864663830353836653465623665
3530303432663165376237396664343964343231393664330a656436316539396636353539343133
64373761356664393861643264323739656231363665386465626430663330393966643165613461
3761386536336234640a653661333132343439333037393963333237656239656630666639363637
34366263343838363735623234636634326466386261663438343836353763343861613736353536
63316662643433333961353965373938616561633965626635333631393464323131386238633461
39326535646632333338616361353562666266376262656639623437653736633064306532386466
39623135393535383039663438633861366339333862636536333365303664356534383761656133
38353864313739363662366264376330306665336664666364356134313537363366333662313762
38643433356163623233316664383236396334356432323563633839306562616537633738386366
38656537333535623965303539333733663337303832666236326234316532343832623630633566
62323263343030303738363839663733366233643365623931343339353230343833366265643365
62383233613766643662316538313265393164313561626663653438646266366130663566336538
66663662353533613138343930323230623361383035643234363036333738353831383932316361
64343864303166393165393130313232636362383664333866353332333236616465353362383630
38643663663439353266383866643236633764653738633865316366393036383062653063613731
66323463626431383130346463623837313935643235343832386566623536363136343932326632
65353732303231383633343164356231643234643338373334313065386432626532356137363730
39316363653635333162656531363665613537646330336538653965323838313566383531613832
37326265396661613830363366663537336332363437313434383664636137373636373966613165
39326664643539396435333537363465333534633233366365323564303539643733353164623733
64666631613762383165383762356636313362316137343634396635666264373537366634666233
31373264653261316235306166353231353838346232643262623239343731353162373831663735
33636465643138313735653839383332383963663139303138623538326462636364366339303664
38613864313663373662306464356437333137653430623934663464336339306138663033323363
34613430666164373739363237356331613337306232656435373239306266663762656632363138
64316362353538613338646333663931613735343932306631376463623761326132303766313932
38313262663332343231623636363536396539373566616164666464313163336633303539366564
63373034613066643263326338383062666561306464656562313061333037633164633939653035
66353534316562343536616631623266663836346139303531646261633531666232626463383865
31393535393661373639376638666534303038336266653636393438303931333430353636333966
66663664366265626133313332633539663233623963623366613435636534376161353762316234
34613432656231616564343237373232393161373937333837356130383231656533636663393837
61633762323365623631646639343865613532633863366365333065633966343464383065383164
39616637333738633732343766636161303530326231656566663938383630623239323862343063
33626138363431626164316236656332316263663237303461373932393061666431373963346130
31313638663165636338663635613936633566343164616231333839313431353530633333326466
31616561313630663239303663333063306434346335336338303163623438336130613364356131
30323532313134326462353333646336613835336664303365663161326238666266366536666332
30393462333461313063386433316465306139646537323564356465373964633630363762383738
64633633323161313463633761393236383038326461353234373932316231653439653761633865
32323263353233373434666430616666333334663962333761303730303435313461653361333966
36656564363432656539383134383463333835383136303438666264333330306236313435653562
33313035656233623562356434323932653961343036346635326631626466373165393435333961
32336461353438633138303866393734653131353437626163346261316130636664386432653631
39336563306166326438306231653233633364343533326634306564336633306635333831653739
32373035613932353062313935326265346535666334373562343139393061306432376364653839
32343863313232386164303863326238373263653032633263386635383961626433333764313566
31626134616439653163666231363365646532333330633061356634313634316164366331623164
39306364306336626632616137626437663065363337393437613737316130376135386238323263
65353732643133383866323133323732613730613337656633336162393436616539343063383461
62386462303765353563663862343864393337653935386664323939343034363831663731656236
30343235313037313830386635646463383730346565383564386437643239393263333564613264
34666265313465633137383238383133353134366633393833366630376335356334356164323061
62323162656566666333323430313262336332393563373733653635316362613932353133323938
65646638386237643130643930373437633735333862636361343764633966323434626663633536
36623432316634656263636265643838393036653062366164363166383331386361386637323438
66363865373561386133306233656137663166393830646630393466633938313431356135323333
32343265333962623036326136336164396336343262326335363063633835313865376431636233
39313933653665333563343237643630313662373938373532323439313238383236343238326163
63663532373534396237323235636163396565653731643135386430376330646534643736353963
65333265333133613832376233333932336161306633646236356535363436343364616631306664
63616231383365623231353662666664353462343435323939623037333734656536653535353733
61353030373534646130623936353964306232393239396333633433643764336137613133356432
35633531393636633531653036303736616636333633646262666632326265643564346463336162
34343661366630326663646630326537316332326261643234346465346636333762326533663865
36323838386433613437323735633834383361663966333262343162653436383666656531343061
34386639663833303535343730343130343839313732363666313863313361303633303761306539
38366132643135313161323437623839633937363938353737643566646563623332363230313364
66303363633934323239666536626231363361616635316664316166396633316433303332616636
37343166336164323731303533313835383838306332396461303637343632356264383566313831
33343438363832326266656566343839653939613361353034343230303961623762636233666435
62636332326333626236653034646533343537316630323839623562356630386164613964666565
37346161643034613930616131313562326665636631376237623132633433663534613266376135
36356235663931666236646366656463393963346665303766393563613834613863373530313538
64366239303434613163646632626432303537656635353734393936636261636261623566613639
30386439333364663466613566386663323762646234323638303830623733383531363166393564
65653030306466353833363262303139636266333661656130396464343731303366653766306630
37306561643966323763333364303763343837616264333163316533643835663766653466343537
63623239306361343132656563323432306561356237623364353638306637346535383663326231
62343032363637313438636666666334336539363363363864613934353639663066386539393337
35306335383265653131616264616333616437353663613535333862616637613330316637353466
34303032656332346237613439323533623533383766646462633066343834306238326630396462
35326231333638373733396331393930663135643630373531343634663963353365643036366136
31316663313837393964373464303931303662386331373632653631366130343832356639636234
66316133646632346231326530346563653565663539663432306337643064363066663030386564
34646238393763313733343632623432653334336464383038376437646537656635646530353135
37343464313466313365636534623565616337313862626334323733643063356437663136303264
31313336616339623739663238323831656565623333396162383835616632393136366637633461
30353435303262343738616632343861376562343162663364613362336261626462386534376335
65643666633738613339323632623937326564396135303165303631313965316134393439333535
32656463313032626137633738396233663866333531646635343330393330323164363263363065
66323636303665383830666336303961303837656263626538323663643135376132633133343432
35363831626335363734633031373931326565343161636632316561346131343863633532633839
63306432386365376362393662613837343536343331656133386332646439393365353631346431
38356564646335336236373439386561633733363963386166663336336164643734663333373763
33383830626434376633653266666462363735613533373663623533633862646333386262353238
66376332353534393536616633326139353964306432613133393532363730333735393234373439
36663465663636383331396235616561376161643863306531343932623863303564303231356634
39663338623838653834663762646664666638353435383131323830353638363666653437633338
39633034333566653936613264653631393338326635653135366632616233373330323634386166
62303334623063373432333565633362633161383632646431653162336433316435653837313366
35653931323338613431623661316565656362643936633334376238366362663133303231623132
62306138626632343035386264616230633466316634646632623835333932343639633863363733
32626635623935663335373362323832353334633564633537343135316531316134663832386139
36306135363538323434346533663636626437633935323735303636353966383766613530303265
35623832623535366633303634333635663735643033666462346131343835313266303732366132
36303661303533396662663161643061636335663334363763613233373762663064326532306464
62616334313837393636646364656533373139313161333839363533666631613962343763356461
65306630386439663765333837316637653133356134633465353463376138346132333735613235
31306466376166386234323161356164306234653938383365393233306166393438343935313665
66333165663366303137303732326538613338303337373332613963376163623961633336343366
63363733346433663135646463643236303664663431343031653934313134346437316461356462
38663361666436323437353930303366366131623162656236643834326364316238333566303035
63373632316638333630663765323931326332643137303038353464376265333464393436653731
35323861393466303663653662326262333632633433306130343531666262303931376365386435
35303463393038666233663933646536306466626264613866383931376163346538356361643832
36656532613138323331336335333036353639393865653464653835653464336539623836646530
65616364656539376430643862646533363936343135386465646638373664363236656233643565
64663736313834376234353061303736353665323964313365303432303139666233386665636535
35303838333437653662616438613763613061663462306231616464386566323037313431666438
34396265636430396439633366376137353532313931653566303137663439653163333233613930
39313635376564373130313462646332323933613364393130653130303538333830373632363535
38306665383866323533346533333036376435653266646331323035306132396434393530356261
31373065313761333264666262653831643165663665333336373461333261343534366332616231
37383630623836383034376231396162376664666335633462623563643765333565303761386535
38343837653035383930306661366561343533663837393333616436313363396262303136306136
63623563623732616137323362666437633933633739313263303561613230653836613165626438
66333862636465666265626433366134396236393833366237303466346633316233616664363763
38633562663737383864346438613539323534613564363661316232353764663233643134663761
35336361386438343461643834306134643766663539376630626233333433336137333634346537
37336566616530353561626163663531333936363039356537346664396336623963323365363631
34633562616564643232646636666435373062376337313831613038346236383338363364393336
3033366137386639346161326131363937636263363666616431
