$ANSIBLE_VAULT;1.1;AES256
32623063623939313163323538636131353534643761663833326331383330333036663637616366
3130326561303834363363663961356533613533353730330a356532366464306230316234396235
32306130643739633631326432323232363633363864353965663962303761353938396630346336
6364376235363038610a326235386333323465663164393265376634613438366465373830346539
36323131336332316165346466656164633934396133613835366465363235653461346337333731
38353039303062633162636539386531363234383132633664303132653239356238313836613762
34353332326632656137326132643263623534356534636163373861613238646261323639346532
33623565323630333664393865313930303934316636336533396130303934396164303137366139
36356630323033353337663861323138313239623664396430306133613238376138646266623262
33623937646432633462316661363136396561386439396630303331316565376363666239333537
36386165316437353837316439326131623064313336366339623737323363393638313163613839
36623138643966653163323632613734303831633036613336346636623363386531386562313537
30373132346263343038653533316138613336633632313337336635316538636232373831643861
37663464393464386166326236323834626439656135376637396539313136356265336536343631
65373035376135333465393561666365303134363865623037356462643161303838393032303531
62323566323363616362303834333337663533666662333462623165303638393330376264356139
64323336333236356333333534656239636637666561636136616362663166386466643839393437
62323832656235333030623238356364386663363037363239316664633733313662313332666531
63626330303737336262643938366330663632663337306639333962306437333430623564306239
39396136383431616433616134356162306361326430346164353533393434383835393439353431
63653761393735666533376139663137613033343238386237393065326638373264613133316434
37373762623630366131316662653035643430353632333432363937636362303231393263363837
65386163303965333239323539376235613063333630343335616238313334623533323962343562
66656364633530346238
